374
423
447
490
590
630
890
965
1059
1279
1363
1532
1547
1882
2392
2407
2453
2550
2760
3002
3115
3121
3141
3179
3200
3421
3432
3484
3581
3937
4012
4061
4069
4831
4977
5041
5068
5283
5292
5471
5682
6515
6638
6928
6959
7328
7444
7502
7519
7538
7831
7963
8103
8133
8212
8220
8304
8337
8343
8356
8446
8567
8594
8699
8993
9010
9339
9428
9519
9533
9730
9859
10104
10517
10581
10799
10852
10933
10960
10998
11196
11250
11378
11548
11602
11698
11802
11838
11979
11990
12222
12371
12582
12793
12902
12922
13010
13359
13455
13472
13595
13862
13877
13900
14199
14268
14838
15184
15442
15647
15901
16828
17369
17387
17502
18275
19746
19815
19970
